0 6.07 9.9 9.64 10.3 11.35 12.41 13.6 14.26 10.96 7.66 7.26 6.34 7.92 11.09 12.41 14.92 11.48 7.52 4.36 3.56
6.07 0 3.56 5.28 5.81 8.58 11.22 11.35 11.75 9.5 4.49 4.36 3.43 5.41 7.66 11.35 11.75 9.37 7.26 3.83 3.04
9.9 3.56 0 2.11 2.64 5.54 7.13 9.11 8.45 7.13 5.68 2.77 3.3 5.28 7.52 9.24 10.16 9.5 8.71 4.75 5.41
9.64 5.28 2.11 0 0.79 3.7 4.49 5.28 6.2 5.15 4.09 0.92 1.72 4.88 5.68 7.66 8.45 7.0 5.15 2.77 4.23
10.3 5.81 2.64 0.79 0 3.17 4.22 4.75 5.68 4.62 2.77 1.45 1.98 2.51 5.55 7.0 7.79 6.47 5.67 4.09 4.88
11.35 8.58 5.54 3.7 3.17 0 1.32 1.85 2.38 1.32 3.3 5.41 5.68 2.77 1.85 4.49 4.75 4.49 5.15 6.73 8.05
12.41 11.22 7.13 4.49 4.22 1.32 0 1.06 1.58 1.72 5.55 7.13 8.05 4.36 2.24 3.43 4.22 4.36 6.47 8.45 9.64
13.6 11.35 9.11 5.28 4.75 1.85 1.06 0 0.66 2.11 5.28 7.13 8.05 4.62 3.57 2.51 4.09 5.81 7.66 8.19 9.77
14.26 11.75 8.45 6.2 5.68 2.38 1.58 0.66 0 1.45 4.36 5.94 6.47 3.83 2.24 3.17 3.96 3.7 6.73 8.58 8.84
10.96 9.5 7.13 5.15 4.62 1.32 1.72 2.11 1.45 0 3.83 6.07 6.73 3.17 0.66 2.38 3.56 1.98 4.36 7.66 6.47
7.66 4.49 5.68 4.09 2.77 3.3 5.55 5.28 4.36 3.83 0 3.43 4.09 0.92 2.64 4.09 5.15 4.09 1.72 3.17 4.09
7.26 4.36 2.77 0.92 1.45 5.41 7.13 7.13 5.94 6.07 3.43 0 0.66 5.41 7.0 8.98 9.24 7.26 4.62 2.11 2.77
6.34 3.43 3.3 1.72 1.98 5.68 8.05 8.05 6.47 6.73 4.09 0.66 0 3.56 5.41 6.07 7.0 5.94 3.83 1.45 1.98
7.92 5.41 5.28 4.88 2.51 2.77 4.36 4.62 3.83 3.17 0.92 5.41 3.56 0 4.75 5.55 6.07 4.62 2.24 3.83 4.62
11.09 7.66 7.52 5.68 5.55 1.85 2.24 3.57 2.24 0.66 2.64 7.0 5.41 4.75 0 1.85 2.64 1.45 3.83 4.75 5.68
12.41 11.35 9.24 7.66 7.0 4.49 3.43 2.51 3.17 2.38 4.09 8.98 6.07 5.55 1.85 0 0.66 2.51 4.88 6.47 7.52
14.92 11.75 10.16 8.45 7.79 4.75 4.22 4.09 3.96 3.56 5.15 9.24 7.0 6.07 2.64 0.66 0 1.98 4.36 5.68 6.73
11.48 9.37 9.5 7.0 6.47 4.49 4.36 5.81 3.7 1.98 4.09 7.26 5.94 4.62 1.45 2.51 1.98 0 4.09 5.28 6.6
7.52 7.26 8.71 5.15 5.67 5.15 6.47 7.66 6.73 4.36 1.72 4.62 3.83 2.24 3.83 4.88 4.36 4.09 0 2.9 4.09
4.36 3.83 4.75 2.77 4.09 6.73 8.45 8.19 8.58 7.66 3.17 2.11 1.45 3.83 4.75 6.47 5.68 5.28 2.9 0 0.66
3.56 3.04 5.41 4.23 4.88 8.05 9.64 9.77 8.84 6.47 4.09 2.77 1.98 4.62 5.68 7.52 6.73 6.6 4.09 0.66 0
