0 7.36 7.79 5.35 5.02 4.42 4.52 3.93 3.83 4.62 4.95 6.7 7.09 2.44 2.24 4.39 4.79 6.93 7.19 1.78 1.85
7.36 0 0.2 2.28 2.61 4.79 4.98 5.02 4.52 2.9 2.54 0.5 0.5 5.38 4.98 3.23 2.97 2.28 2.21 5.87 5.51
7.79 0.2 0 2.67 2.77 5.02 5.25 5.11 4.52 2.8 2.11 0.4 0.59 4.98 4.59 3.2 2.8 2.18 2.44 5.44 5.08
5.35 2.28 2.67 0 0.2 2.24 2.64 2.84 2.94 0.66 0.59 2.24 2.64 3.4 3.3 2.28 2.18 3.07 2.97 3.89 3.53
5.02 2.61 2.77 0.2 0 3.2 3.37 2.97 2.14 0.4 0.82 3.56 3.4 3.1 2.87 2.24 2.67 3.37 3.76 3.7 3.3
4.42 4.79 5.02 2.24 3.2 0 0.2 0.5 0.59 2.31 3.23 4.98 5.08 2.31 2.31 3.56 4.49 5.18 5.15 2.9 2.9
4.52 4.98 5.25 2.64 3.37 0.2 0 0.59 0.79 2.67 3.3 4.82 5.21 2.15 2.31 3.13 3.53 5.31 5.71 2.54 3.0
3.93 5.02 5.11 2.84 2.97 0.5 0.59 0 0.69 2.84 3.3 5.05 5.61 1.78 1.95 3.33 3.5 5.34 5.91 2.34 2.54
3.83 4.52 4.52 2.94 2.14 0.59 0.79 0.69 0 2.71 2.67 4.42 4.88 1.98 1.72 2.97 3.33 5.64 5.12 2.21 2.74
4.62 2.9 2.8 0.66 0.4 2.31 2.67 2.84 2.71 0 0.89 3.1 3.23 2.64 2.24 1.75 1.95 3.1 3.17 2.84 2.74
4.95 2.54 2.11 0.59 0.82 3.23 3.3 3.3 2.67 0.89 0 2.05 2.44 3.07 2.87 1.72 1.91 2.94 3.14 3.47 3.27
6.7 0.5 0.4 2.24 3.56 4.98 4.82 5.05 4.42 3.1 2.05 0 1.15 4.62 4.49 2.71 2.31 1.62 2.08 5.12 4.88
7.09 0.5 0.59 2.64 3.4 5.08 5.21 5.61 4.88 3.23 2.44 1.15 0 5.68 4.82 3.07 2.8 1.68 1.52 5.41 5.11
2.44 5.38 4.98 3.4 3.1 2.31 2.15 1.78 1.98 2.64 3.07 4.62 5.68 0 0.5 2.97 3.37 5.51 5.71 0.56 0.79
2.24 4.98 4.59 3.3 2.87 2.31 2.31 1.95 1.72 2.24 2.87 4.49 4.82 0.5 0 3.23 3.47 4.59 5.12 0.5 0.59
4.39 3.23 3.2 2.28 2.24 3.56 3.13 3.33 2.97 1.75 1.72 2.71 3.07 2.97 3.23 0 0.66 2.74 3.33 3.76 3.6
4.79 2.97 2.8 2.18 2.67 4.49 3.53 3.5 3.33 1.95 1.91 2.31 2.8 3.37 3.47 0.66 0 2.21 2.77 3.3 3.0
6.93 2.28 2.18 3.07 3.37 5.18 5.31 5.34 5.64 3.1 2.94 1.62 1.68 5.51 4.59 2.74 2.21 0 0.79 5.35 5.41
7.19 2.21 2.44 2.97 3.76 5.15 5.71 5.91 5.12 3.17 3.14 2.08 1.52 5.71 5.12 3.33 2.77 0.79 0 6.3 6.17
1.78 5.87 5.44 3.89 3.7 2.9 2.54 2.34 2.21 2.84 3.47 5.12 5.41 0.56 0.5 3.76 3.3 5.35 6.3 0 0.66
1.85 5.51 5.08 3.53 3.3 2.9 3.0 2.54 2.74 2.74 3.27 4.88 5.11 0.79 0.59 3.6 3.0 5.41 6.17 0.66 0
