0 3.5 6.3 5.21 5.38 7.59 8.65 9.61 8.81 8.15 4.75 4.52 3.83 5.45 6.9 8.15 8.02 6.77 4.78 2.44 1.65
3.5 0 2.84 4.49 5.28 7.16 8.05 8.65 8.75 7.66 4.09 3.1 2.38 4.69 6.53 8.18 7.66 6.37 4.52 1.98 1.81
6.3 2.84 0 2.24 3.0 6.17 7.46 8.15 7.95 6.5 4.92 2.18 2.18 4.36 6.83 8.38 8.18 6.93 4.95 3.5 4.26
5.21 4.49 2.24 0 0.89 3.89 5.05 5.68 5.48 4.69 2.34 1.39 1.48 2.01 5.08 6.86 6.93 5.15 3.76 3.27 3.7
5.38 5.28 3.0 0.89 0 3.5 4.49 5.31 5.02 3.73 2.08 1.25 1.75 1.62 4.13 5.81 6.17 4.72 3.96 3.07 3.89
7.59 7.16 6.17 3.89 3.5 0 1.06 2.01 2.08 0.99 2.71 4.26 4.82 2.24 1.72 2.87 3.6 3.23 4.26 5.02 5.91
8.65 8.05 7.46 5.05 4.49 1.06 0 0.89 0.99 1.09 3.83 4.98 5.68 3.3 1.75 3.0 3.4 3.37 5.05 6.01 7.23
9.61 8.65 8.15 5.68 5.31 2.01 0.89 0 0.59 1.82 4.09 5.74 6.24 3.56 2.31 2.31 2.9 3.7 5.02 7.13 7.49
8.81 8.75 7.95 5.48 5.02 2.08 0.99 0.59 0 1.42 4.06 5.81 6.5 3.86 1.91 1.52 2.08 3.53 4.88 6.57 7.23
8.15 7.66 6.5 4.69 3.73 0.99 1.09 1.82 1.42 0 2.74 5.28 4.69 2.28 0.79 2.28 2.38 2.38 3.3 4.95 5.68
4.75 4.09 4.92 2.34 2.08 2.71 3.83 4.09 4.06 2.74 0 2.47 2.14 0.99 3.04 3.99 3.99 3.0 1.52 2.21 3.1
4.52 3.1 2.18 1.39 1.25 4.26 4.98 5.74 5.81 5.28 2.47 0 0.79 3.66 5.08 6.37 6.53 5.51 3.89 2.18 3.1
3.83 2.38 2.18 1.48 1.75 4.82 5.68 6.24 6.5 4.69 2.14 0.79 0 2.7 4.85 6.37 6.34 4.82 2.9 1.78 2.31
5.45 4.69 4.36 2.01 1.62 2.24 3.3 3.56 3.86 2.28 0.99 3.66 2.7 0 2.84 4.82 4.85 3.4 2.67 2.8 3.46
6.9 6.53 6.83 5.08 4.13 1.72 1.75 2.31 1.91 0.79 3.04 5.08 4.85 2.84 0 1.72 2.21 1.55 2.71 4.59 5.28
8.15 8.18 8.38 6.86 5.81 2.87 3.0 2.31 1.52 2.28 3.99 6.37 6.37 4.82 1.72 0 0.79 1.95 3.99 5.81 6.43
8.02 7.66 8.18 6.93 6.17 3.6 3.4 2.9 2.08 2.38 3.99 6.53 6.34 4.85 2.21 0.79 0 1.68 3.6 5.41 6.27
6.77 6.37 6.93 5.15 4.72 3.23 3.37 3.7 3.53 2.38 3.0 5.51 4.82 3.4 1.55 1.95 1.68 0 2.97 5.48 6.17
4.78 4.52 4.95 3.76 3.96 4.26 5.05 5.02 4.88 3.3 1.52 3.89 2.9 2.67 2.71 3.99 3.6 2.97 0 2.48 3.17
2.44 1.98 3.5 3.27 3.07 5.02 6.01 7.13 6.57 4.95 2.21 2.18 1.78 2.8 4.59 5.81 5.41 5.48 2.48 0 0.69
1.65 1.81 4.26 3.7 3.89 5.91 7.23 7.49 7.23 5.68 3.1 3.1 2.31 3.46 5.28 6.43 6.27 6.17 3.17 0.69 0
