0 4.69 6.34 6.01 6.96 7.92 9.57 8.51 8.25 7.99 5.94 4.79 3.99 5.25 7.29 8.02 7.92 7.66 5.25 2.48 2.14
4.69 0 2.77 3.96 5.21 6.5 7.85 7.92 6.7 7.09 5.21 2.54 1.92 5.58 6.66 6.9 7.23 6.43 4.09 3.07 2.97
6.34 2.77 0 2.34 3.76 5.84 6.93 10.43 5.81 7.36 5.15 2.11 3.0 4.98 8.25 8.78 8.78 8.05 5.71 4.55 4.98
6.01 3.96 2.34 0 1.88 3.73 5.05 5.08 3.8 5.05 2.21 1.22 1.98 3.3 5.25 5.97 6.37 7.69 4.79 3.83 4.26
6.96 5.21 3.76 1.88 0 2.61 3.5 3.7 2.57 3.36 1.32 2.74 3.23 2.51 4.29 4.92 5.05 5.28 3.7 5.18 4.69
7.92 6.5 5.84 3.73 2.61 0 2.38 2.34 0.99 1.52 2.08 4.22 5.15 2.71 2.31 2.94 3.3 3.76 4.85 5.44 5.94
9.57 7.85 6.93 5.05 3.5 2.38 0 0.92 1.58 1.12 3.1 5.31 6.27 4.19 2.08 2.64 3.2 4.42 4.39 6.53 7.16
8.51 7.92 10.43 5.08 3.7 2.34 0.92 0 1.19 2.93 3.33 5.84 5.91 4.19 3.63 4.22 2.57 4.72 5.58 6.47 6.86
8.25 6.7 5.81 3.8 2.57 0.99 1.58 1.19 0 1.19 1.78 4.72 5.38 2.64 1.78 2.15 2.51 3.4 4.52 5.84 5.68
7.99 7.09 7.36 5.05 3.36 1.52 1.12 2.93 1.19 0 2.87 5.71 5.81 4.72 1.22 1.98 2.18 2.77 3.63 5.77 6.4
5.94 5.21 5.15 2.21 1.32 2.08 3.1 3.33 1.78 2.87 0 2.61 4.39 0.96 4.88 4.65 4.75 4.29 2.74 4.16 3.83
4.79 2.54 2.11 1.22 2.74 4.22 5.31 5.84 4.72 5.71 2.61 0 1.52 4.29 5.97 6.77 6.63 6.7 4.32 2.77 3.17
3.99 1.92 3.0 1.98 3.23 5.15 6.27 5.91 5.38 5.81 4.39 1.52 0 2.77 5.25 5.77 6.04 5.84 3.0 1.98 2.21
5.25 5.58 4.98 3.3 2.51 2.71 4.19 4.19 2.64 4.72 0.96 4.29 2.77 0 3.3 3.9 3.89 3.56 1.98 4.19 4.16
7.29 6.66 8.25 5.25 4.29 2.31 2.08 3.63 1.78 1.22 4.88 5.97 5.25 3.3 0 1.22 1.19 2.11 3.1 5.25 5.68
8.02 6.9 8.78 5.97 4.92 2.94 2.64 4.22 2.15 1.98 4.65 6.77 5.77 3.9 1.22 0 0.59 1.52 3.66 5.84 5.94
7.92 7.23 8.78 6.37 5.05 3.3 3.2 2.57 2.51 2.18 4.75 6.63 6.04 3.89 1.19 0.59 0 1.95 4.85 5.64 6.04
7.66 6.43 8.05 7.69 5.28 3.76 4.42 4.72 3.4 2.77 4.29 6.7 5.84 3.56 2.11 1.52 1.95 0 3.86 5.18 5.61
5.25 4.09 5.71 4.79 3.7 4.85 4.39 5.58 4.52 3.63 2.74 4.32 3.0 1.98 3.1 3.66 4.85 3.86 0 2.77 3.04
2.48 3.07 4.55 3.83 5.18 5.44 6.53 6.47 5.84 5.77 4.16 2.77 1.98 4.19 5.25 5.84 5.64 5.18 2.77 0 0.59
2.14 2.97 4.98 4.26 4.69 5.94 7.16 6.86 5.68 6.4 3.83 3.17 2.21 4.16 5.68 5.94 6.04 5.61 3.04 0.59 0
